42 88
68 78
35 75
1 26
70 28
25 30
79 29
59 24
63 21
65 3
6 63
46 97
82 38
28 62
62 96
92 65
96 61
43 17
37 31
5 27
3 12
54 72
93 48
83 54
22 91
17 25
19 89
48 64
27 41
72 52
39 1
13 14
100 59
36 79
95 66
4 8
12 40
23 4
34 58
74 9
69 2
45 51
58 94
38 85
60 6
24 5
30 36
91 57
89 73
7 86
41 70
49 23
47 18
71 13
51 42
2 60
94 33
85 56
55 35
57 55
67 84
77 68
32 49
9 76
40 39
16 43
31 22
78 71
87 99
73 80
98 77
56 82
75 53
53 44
8 74
88 19
84 11
10 32
14 98
11 90
21 46
97 15
29 45
18 93
15 50
52 16
50 87
20 7
99 20
90 92
86 47
44 10
81 37
80 67
76 95
33 83
26 34
61 81
64 69
66 100